89206
0 18616 2.295199
0 18613 6.154798
0 41541 2.547626
1 20763 34.500861
2 41528 27.232997
2 41531 25.163049
3 41537 16.507633
3 6 18.634698
4 41539 36.032717
4 5 4.846161
5 4 4.846161
5 7 4.274063
6 11 10.089138
6 3 18.634698
7 10 3.649033
7 5 4.274063
8 34289 2.254692
8 13957 110.704947
9 40136 3.124158
9 40130 1.750200
9 18 78.769041
10 12 4.788050
10 7 3.649033
11 13 8.568357
11 6 10.089138
12 49 4.438356
12 10 4.788050
13 11 8.568357
13 15 7.893788
14 35477 42.106211
14 32830 47.890955
15 16 7.726402
15 13 7.893788
16 3841 19.072927
16 15 7.726402
17 41113 2.607514
17 17172 8.108011
18 9 78.769041
18 34291 19.660336
18 13956 32.141079
19 20 7.388456
19 3854 19.851695
20 19 7.388456
20 21 2.837534
21 20 2.837534
21 22 6.578059
22 21 6.578059
22 23 11.651750
23 40248 9.262676
23 22 11.651750
24 13956 50.047709
24 34293 5.569732
24 34294 4.287321
24 34295 5.388724
25 16617 6.317215
25 13957 47.820098
26 27 2.627970
26 30 26.506854
27 26 2.627970
27 28 2.971664
28 33 23.676123
28 27 2.971664
29 41113 5.431762
29 17222 6.343481
30 26 26.506854
30 16411 26.087561
30 16436 46.683538
31 20880 21.727572
31 20816 35.263196
31 20062 6.979912
31 20823 8.366924
32 40154 8.931381
32 40150 5.624479
33 33168 2.258102
33 28 23.676123
34 33073 35.141684
34 33170 1.794436
35 36 3.051099
35 37 4.503335
36 42 4.443844
36 35 3.051099
37 43 3.046471
37 35 4.503335
38 40 4.392606
38 39 4.208515
39 41 4.182146
39 38 4.208515
40 46 5.357034
40 38 4.392606
41 44 3.772685
41 39 4.182146
42 36 4.443844
42 1782 2.197653
43 44 2.595435
43 37 3.046471
44 41 3.772685
44 43 2.595435
45 48 6.836643
45 1782 1.431648
46 40 5.357034
46 47 5.227495
47 51 5.674334
47 46 5.227495
48 50 3.254901
48 45 6.836643
49 12 4.438356
49 40189 39.964131
50 48 3.254901
50 52 4.462709
51 53 6.380650
51 47 5.674334
52 50 4.462709
52 54 2.551702
53 56 2.725011
53 51 6.380650
54 52 2.551702
54 55 3.025983
55 57 3.551960
55 54 3.025983
56 60 4.063855
56 53 2.725011
57 58 2.519072
57 55 3.551960
58 57 2.519072
58 61 3.146402
59 31083 34.914385
59 20061 4.432422
59 20823 19.306382
60 56 4.063855
60 71 6.194456
61 88 5.356855
61 58 3.146402
62 64 28.574791
62 63 9.031607
63 66 10.520057
63 62 9.031607
64 65 36.053798
64 62 28.574791
65 64 36.053798
65 67 32.098066
66 68 22.036676
66 63 10.520057
67 65 32.098066
67 75 51.125234
67 31863 25.924386
68 66 22.036676
68 69 5.207608
68 31870 4.553891
68 31871 8.883576
69 68 5.207608
69 70 15.719767
70 33104 17.576564
70 69 15.719767
71 60 6.194456
71 16701 13.985490
71 109 4.324258
72 33104 19.476746
72 73 23.490611
73 72 23.490611
73 74 8.166232
74 73 8.166232
74 76 11.546597
75 67 51.125234
75 78 19.124338
76 74 11.546597
76 77 7.022960
77 81 30.930625
77 76 7.022960
78 75 19.124338
78 79 6.058363
79 80 6.415121
79 78 6.058363
80 643 16.096395
80 79 6.415121
81 83 42.383671
81 77 30.930625
82 27623 35.658271
83 81 42.383671
83 84 19.923003
83 86 29.319507
84 83 19.923003
84 85 16.437985
85 84 16.437985
85 87 10.084537
86 83 29.319507
87 89 11.416286
87 85 10.084537
88 1802 9.310567
88 61 5.356855
89 90 9.344232
89 87 11.416286
90 89 9.344232
90 91 9.574677
91 90 9.574677
91 92 9.062880
92 91 9.062880
92 93 3.771247
93 25914 64.625522
93 92 3.771247
93 94 9.191366
94 93 9.191366
94 95 17.026019
95 96 12.722282
95 94 17.026019
96 97 18.196193
96 95 12.722282
97 96 18.196193
97 98 13.933793
98 97 13.933793
98 99 7.037607
99 98 7.037607
99 100 5.185149
100 99 5.185149
100 101 6.522636
101 100 6.522636
101 102 8.379717
102 101 8.379717
102 103 21.529061
103 104 11.292743
103 102 21.529061
104 105 17.723451
104 103 11.292743
105 104 17.723451
105 25919 9.554280
106 107 17.739941
106 25919 21.216242
107 106 17.739941
107 108 12.151449
108 107 12.151449
108 407 7.591995
109 130 4.541411
109 71 4.324258
110 407 8.163121
110 111 7.297624
111 112 10.930574
111 110 7.297624
112 113 11.378234
112 111 10.930574
113 112 11.378234
113 116 25.959463
114 116 76.101499
114 25957 7.704018
115 129 1.706787
116 113 25.959463
116 114 76.101499
116 117 14.807892
117 116 14.807892
117 118 14.685951
118 117 14.685951
118 119 20.040876
119 120 11.359632
119 6395 1.924899
119 118 20.040876
120 121 12.263805
120 119 11.359632
121 120 12.263805
121 122 7.397918
122 121 7.397918
122 123 7.542509
123 122 7.542509
123 32773 6.758800
124 125 8.393949
124 32774 3.093398
125 124 8.393949
125 126 8.012775
126 125 8.012775
126 127 8.284176
127 32787 7.351397
127 126 8.284176
128 22636 38.642080
128 1661 3.162419
128 1663 18.287829
129 115 1.706787
129 21109 4.957293
129 11870 21.705945
130 131 1.772863
130 109 4.541411
130 158 10.677043
131 130 1.772863
131 138 4.343790
132 37068 69.948070
132 133 40.026160
132 37078 70.317996
133 39280 67.980000
133 10044 44.288617
133 132 40.026160
133 39281 70.496842
134 26241 3.183232
134 26245 3.084741
134 135 41.022422
135 134 41.022422
136 39288 18.550606
136 137 3.901709
136 39291 22.292552
137 136 3.901709
137 141 15.049952
138 131 4.343790
138 139 2.850838
139 145 3.917947
139 138 2.850838
140 500 2.156040
140 18349 1.274091
141 137 15.049952
141 148 15.471882
142 500 1.940244
142 143 1.558662
143 144 2.480284
143 142 1.558662
144 506 3.571715
144 143 2.480284
145 152 3.211861
145 139 3.917947
146 506 2.633181
146 507 2.866422
147 149 4.595177
147 151 9.737837
148 141 15.471882
148 151 8.632708
149 153 6.191712
149 147 4.595177
150 1802 6.315337
150 175 7.586395
151 147 9.737837
151 148 8.632708
152 145 3.211861
152 154 1.494976
153 39312 8.283938
153 149 6.191712
154 152 1.494976
154 155 1.316119
155 154 1.316119
155 156 1.665043
156 155 1.665043
156 157 2.879710
157 163 5.559532
157 156 2.879710
158 161 1.367732
158 130 10.677043
158 159 1.939893
159 160 1.439243
159 158 1.939893
160 162 1.040445
160 159 1.439243
161 164 1.262397
161 158 1.367732
162 160 1.040445
162 165 0.863991
163 157 5.559532
163 1829 2.247570
164 168 1.321710
164 161 1.262397
165 162 0.863991
165 166 0.893906
166 170 1.274279
166 165 0.893906
167 39344 4.211181
167 39341 9.005745
168 164 1.321710
168 173 1.225536
169 27632 26.140746
169 27634 15.968037
170 177 1.585535
170 166 1.274279
171 34897 23.038184
171 34884 6.522498
172 21158 11.467970
172 21239 10.699459
173 168 1.225536
173 178 0.906374
174 1829 2.424767
174 183 4.979376
175 185 4.026600
175 150 7.586395
176 33781 4.170258
176 34693 6.297123
177 170 1.585535
177 179 1.730763
178 180 1.358322
178 173 0.906374
179 177 1.730763
179 180 1.609222
180 178 1.358322
180 179 1.609222
181 182 1.848168
181 34943 1.866688
182 34946 16.399921
182 181 1.848168
183 186 3.106093
183 174 4.979376
184 456 92.920496
184 34495 6.137096
185 39371 1.011377
185 39372 1.168204
185 175 4.026600
186 188 4.010162
186 183 3.106093
187 21158 22.060469
188 186 4.010162
188 190 2.838212
189 39385 1.295739
189 39389 1.351221
189 191 3.840746
190 192 5.851549
190 188 2.838212
191 193 4.675902
191 189 3.840746
192 195 2.878151
192 190 5.851549
193 194 1.795686
193 191 4.675902
194 193 1.795686
194 196 1.627845
195 192 2.878151
195 197 3.147217
196 194 1.627845
196 198 11.270472
197 195 3.147217
197 199 2.849263
198 200 10.077085
198 196 11.270472
199 201 2.486144
199 197 2.849263
200 202 3.853082
200 198 10.077085
201 202 2.776188
201 199 2.486144
202 200 3.853082
202 201 2.776188
203 388 24.863200
204 635 33.104722
205 31210 45.240734
205 31215 24.648940
205 207 21.772145
206 787 10.528058
206 35043 4.934087
207 210 36.283855
207 205 21.772145
208 34910 2.184947
208 34734 4.219228
209 5297 5.349009
209 12443 6.028221
210 214 11.393117
210 207 36.283855
211 394 16.093182
211 31547 12.258062
212 20896 14.025945
212 34971 9.714669
213 34888 5.026493
213 34761 6.207745
213 34904 4.909390
214 210 11.393117
214 41317 6.005736
215 4380 15.052828
215 4373 10.963169
216 5329 4.312598
216 5322 36.186145
216 34972 5.710463
217 20777 4.638032
217 20781 6.315566
218 34763 15.117405
218 26404 30.403348
218 773 29.508371
219 3059 3.676696
219 34975 10.402073
220 35066 6.959196
220 34660 2.746976
221 7627 4.212171
221 31926 4.221751
222 34873 5.292566
222 24403 79.666736
222 33924 18.267377
223 34673 1.468248
223 35068 2.292092
224 34858 29.704824
224 484 21.872308
224 34709 15.069498
224 34678 14.764494
225 7305 7.964719
225 9402 6.951250
226 33780 1.562663
226 34782 9.802592
227 485 31.807687
227 31543 14.203447
228 34785 15.437441
228 34686 30.422397
229 34881 9.628516
229 34689 2.563008
230 35050 6.633687
230 34763 14.524472
230 34743 59.762729
231 34693 6.976579
231 34789 5.630561
232 20940 4.703525
232 31926 4.703525
233 35010 15.814431
233 3006 20.836426
234 35134 9.834073
235 35011 3.827304
235 237 3.019410
236 7268 10.900339
236 7269 23.076887
237 235 3.019410
237 35014 2.796639
238 28569 6.041324
238 28621 3.444603
239 10050 12.449105
239 39051 6.642776
240 34816 2.008452
240 35180 3.864000
241 285 2.011946
241 327 3.093032
242 328 1.580268
242 317 2.078384
243 288 3.702187
243 330 1.331615
244 289 1.831022
244 330 1.706567
244 331 7.185015
245 266 2.079001
245 301 1.407706
246 21281 7.833098
246 283 2.545372
246 333 2.248640
247 267 2.659909
247 302 4.363292
248 336 6.483792
248 300 3.737380
249 304 2.682600
249 281 4.197352
249 33663 3.086702
250 32514 2.766166
250 32519 4.469352
250 4255 2.655667
251 19794 4.313234
251 19751 6.051366
252 274 9.652916
252 343 13.439205
253 4245 1.455733
253 21310 1.940057
254 276 15.349969
254 311 2.573910
255 35578 1.953893
255 3779 1.409570
255 23661 2.160701
256 346 4.882581
256 295 2.525619
257 35472 3.293128
257 7817 1.307993
257 316 2.899739
258 347 2.686645
258 333 1.451665
259 296 2.251418
259 337 13.982927
259 342 3.484320
260 3078 18.022806
261 280 1.155300
261 318 2.101360
262 7476 10.504663
262 4263 3.621767
263 290 2.668179
263 348 11.936354
264 32468 7.240942
264 32471 1.638630
265 284 5.706520
265 32538 6.479215
265 32516 3.584087
266 305 2.452740
266 245 2.079001
267 21311 3.158212
267 247 2.659909
268 332 3.804961
268 287 7.261618
269 307 8.981793
269 4255 3.049472
270 325 19.847102
270 32494 6.387771
271 308 15.016902
271 35533 5.127226
272 24512 3.361883
272 5033 4.717224
273 339 1.867554
273 291 2.337744
274 5033 4.656865
274 252 9.652916
275 300 2.924037
275 21310 4.400843
276 313 1.942577
276 254 15.349969
277 329 0.953967
277 315 2.966143
277 332 4.447265
278 294 2.660530
278 342 2.770175
279 6802 5.394880
279 319 3.112718
280 321 0.983733
280 261 1.155300
281 249 4.197352
281 5371 2.880803
281 349 2.346849
282 7699 9.091731
282 351 19.310702
283 328 1.637860
283 33662 23.833169
283 246 2.545372
284 265 5.706520
284 331 6.382179
285 241 2.011946
285 301 14.504009
286 302 6.994106
286 20887 11.271527
287 336 4.789590
287 268 7.261618
288 298 5.990096
288 243 3.702187
288 33663 5.060637
289 304 1.574199
289 244 1.831022
290 300 3.979641
290 263 2.668179
291 35472 4.819248
291 273 2.337744
291 303 1.416732
292 309 10.314236
292 4253 2.071016
293 323 1.931901
293 311 2.047648
294 346 10.314661
294 278 2.660530
295 256 2.525619
295 316 2.115049
296 320 2.347190
296 259 2.251418
297 23665 5.959445
297 8990 3.123292
298 288 5.990096
298 323 3.136348
298 326 2.987605
299 35462 21.457302
299 7699 30.435749
299 4261 20.995286
299 10406 4.599844
300 248 3.737380
300 290 3.979641
300 275 2.924037
301 285 14.504009
301 245 1.407706
302 286 6.994106
302 247 4.363292
303 329 5.223031
303 291 1.416732
304 249 2.682600
304 289 1.574199
305 266 2.452740
305 332 3.179956
306 32497 6.309800
306 32500 3.200209
306 33359 5.091147
307 269 8.981793
307 342 4.355566
308 345 1.244204
308 339 1.872585
308 271 15.016902
309 292 10.314236
309 327 2.591105
310 21222 3.476806
310 35575 1.996708
311 293 2.047648
311 254 2.573910
312 23667 4.292166
312 21260 3.193791
313 276 1.942577
313 343 2.964994
314 3782 4.823513
314 35575 1.263175
315 345 1.756993
315 277 2.966143
316 257 2.899739
316 295 2.115049
317 36952 4.171422
317 242 2.078384
317 347 2.632283
318 320 12.630788
318 261 2.101360
319 12142 3.532331
319 279 3.112718
320 296 2.347190
320 318 12.630788
321 280 0.983733
321 349 2.035475
322 21280 19.349748
322 23665 11.383921
323 298 3.136348
323 293 1.931901
324 41080 5.859846
324 1943 5.596848
325 270 19.847102
325 351 23.847070
326 298 2.987605
326 32471 9.747248
327 241 3.093032
327 309 2.591105
327 343 5.623540
328 242 1.580268
328 283 1.637860
329 277 0.953967
329 303 5.223031
330 243 1.331615
330 244 1.706567
331 284 6.382179
331 244 7.185015
332 305 3.179956
332 268 3.804961
332 277 4.447265
333 258 1.451665
333 246 2.248640
334 30856 39.116055
334 21219 47.658778
334 34244 2.132733
334 41405 29.038273
334 7687 2.820785
335 32494 4.530890
335 33359 4.272946
336 248 6.483792
336 287 4.789590
337 24512 6.314162
337 259 13.982927
338 32490 19.142401
338 26845 16.496705
339 273 1.867554
339 308 1.872585
340 7944 10.249569
340 33923 22.889867
341 3782 1.961059
341 6711 0.656932
342 307 4.355566
342 259 3.484320
342 278 2.770175
343 313 2.964994
343 252 13.439205
343 327 5.623540
344 14084 33.385600
344 733 51.379645
345 315 1.756993
345 308 1.244204
346 256 4.882581
346 294 10.314661
347 21280 8.464146
347 258 2.686645
347 317 2.632283
348 4225 9.185026
348 6807 3.832383
348 263 11.936354
349 321 2.035475
349 281 2.346849
350 10408 3.791443
350 7705 7.776208
351 282 19.310702
351 325 23.847070
352 7944 12.149174
352 354 22.183385
353 34936 3.636357
353 34843 5.799382
354 352 22.183385
354 357 11.315675
355 34376 0.957172
355 30244 22.988779
356 449 10.319025
356 35691 13.042355
357 354 11.315675
357 358 8.062313
358 357 8.062313
358 359 8.972106
359 360 14.486295
359 358 8.972106
360 361 8.043718
360 359 14.486295
361 360 8.043718
361 7407 9.594598
362 2098 26.694647
362 363 6.677292
362 366 11.647043
363 362 6.677292
363 16487 3.838965
364 33904 79.797179
364 33905 134.492683
364 26087 89.459523
365 35032 1.377196
365 35034 1.599175
366 362 11.647043
366 4725 6.692816
366 367 19.832222
367 368 22.171616
367 17034 19.410367
367 366 19.832222
368 369 8.877579
368 367 22.171616
369 368 8.877579
369 370 5.154668
370 369 5.154668
370 371 23.083222
370 375 16.460929
371 31753 6.510344
371 370 23.083222
372 31891 4.490951
372 5023 5.045328
373 31891 2.421397
373 16487 2.840003
374 17034 23.361590
374 17035 23.641630
375 376 25.809358
375 370 16.460929
375 39083 3.074758
376 3169 7.920836
376 17034 6.275149
376 375 25.809358
377 7409 3.545725
377 14955 1.159564
377 16900 1.116247
378 17603 6.561446
378 35692 13.264033
379 29817 35.746476
379 14763 10.113581
379 380 1.235878
380 379 1.235878
380 381 1.207484
381 380 1.207484
381 382 2.906235
382 14764 20.030366
382 381 2.906235
382 383 2.518189
383 384 0.953596
383 382 2.518189
384 14763 0.773549
384 383 0.953596
385 17120 5.608267
385 386 54.938426
385 14767 7.642509
386 385 54.938426
387 389 10.998375
387 23702 20.546980
388 203 24.863200
388 405 12.889935
389 387 10.998375
389 23716 14.478006
390 393 16.986667
390 22745 24.651513
391 410 13.740978
391 34628 22.130227
392 400 23.584501
392 41342 49.452572
393 401 25.379897
393 390 16.986667
394 211 16.093182
394 444 17.150276
395 30146 60.994867
395 18594 24.135990
395 27026 7.866729
396 30146 11.020055
396 397 20.403293
397 396 20.403293
397 398 7.177876
398 397 7.177876
398 399 5.683481
399 22985 4.727800
399 22982 15.885413
399 398 5.683481
400 392 23.584501
400 448 5.543822
400 402 11.822822
401 393 25.379897
401 403 20.333801
402 400 11.822822
402 41348 33.519169
403 401 20.333801
403 4114 2.537831
403 4116 7.436933
403 22770 2.460867
404 15274 14.297231
404 15269 2.306434
404 15270 2.179856
405 31787 10.822990
405 388 12.889935
406 7421 9.923326
406 7423 9.233055
407 108 7.591995
407 110 8.163121
408 409 9.364643
408 7423 10.204835
409 408 9.364643
409 7426 7.746545
410 887 28.971544
410 391 13.740978
411 416 1.560050
411 14738 1.901453
412 7426 8.044019
412 7431 5.260187
413 34870 9.077747
413 34814 4.291829
414 7429 14.053767
414 7431 14.062471
415 14745 1.531319
415 14738 1.440189
416 14746 1.416958
416 411 1.560050
417 29840 2.501017
417 29837 2.462773
418 8944 24.994211
418 11764 4.307244
419 29840 2.637610
419 29844 2.963262
420 421 70.234904
420 422 5.626552
421 420 70.234904
422 420 5.626552
422 423 3.430541
423 424 11.386945
423 422 3.430541
424 425 36.087138
424 423 11.386945
425 424 36.087138
425 426 2.810967
426 425 2.810967
426 427 4.165321
427 426 4.165321
427 2956 79.596192
428 2956 10.446644
428 429 228.271804
429 428 228.271804
429 430 9.568562
430 429 9.568562
430 431 4.870515
431 432 7.145819
431 430 4.870515
432 433 5.053143
432 431 7.145819
433 432 5.053143
433 435 6.362633
434 435 10.239616
434 436 148.060930
435 433 6.362633
435 434 10.239616
436 7617 16.441123
436 434 148.060930
437 7617 12.917264
437 7620 8.918592
437 438 14.496277
438 437 14.496277
438 439 20.778257
439 440 1.288124
439 438 20.778257
440 442 1.771828
440 439 1.288124
441 442 16.378467
441 7669 1.394000
442 440 1.771828
442 441 16.378467
443 448 6.498414
443 41355 33.550188
444 394 17.150276
444 727 15.188451
445 5920 3.556987
445 447 2.297713
446 23728 15.066771
446 24371 16.180462
447 445 2.297713
447 29919 2.502574
448 400 5.543822
448 443 6.498414
449 356 10.319025
449 35693 3.809066
449 37110 29.344536
450 29920 4.608826
450 35069 4.585153
451 35073 6.739457
451 35071 7.144089
452 30940 10.602121
452 41342 7.776414
453 3038 3.633086
453 41190 2.453886
454 17723 2.993616
454 25535 0.863643
455 27563 2.931796
455 41342 5.466765
456 184 92.920496
456 37191 21.265344
457 458 1.620291
457 19083 2.976312
458 457 1.620291
458 459 2.138287
459 458 2.138287
459 460 2.095315
460 464 1.110804
460 459 2.095315
460 30615 0.855454
461 30700 1.087834
461 462 1.086587
462 461 1.086587
462 3302 1.087728
463 35081 1.669658
463 35084 2.109765
464 30612 1.110493
464 460 1.110804
465 19313 2.948793
465 466 1.227578
466 465 1.227578
466 467 1.363821
467 466 1.363821
467 30611 1.031039
468 469 1.839780
468 4174 2.972480
469 37249 0.972502
469 468 1.839780
470 36489 18.948044
470 25126 4.540654
470 471 28.348499
471 16622 2.693616
471 470 28.348499
472 35084 2.721398
472 35086 3.444405
473 474 79.637773
473 16622 2.383497
474 23752 63.911935
474 473 79.637773
474 23753 20.005821
475 36470 24.832129
476 627 25.712948
476 36243 12.789995
477 35088 4.381327
477 35086 5.407958
478 3382 18.238241
478 479 19.594077
479 480 11.688580
479 478 19.594077
480 481 13.682690
480 479 11.688580
481 480 13.682690
481 482 19.431135
482 481 19.431135
482 483 8.006473
483 482 8.006473
484 224 21.872308
484 34864 17.565257
484 34794 14.817737
484 35129 15.041321
485 227 31.807687
485 516 2.687308
486 34847 13.750963
486 7759 10.979332
487 35037 16.443684
487 34887 8.341658
488 829 6.055408
488 27598 38.854427
489 7888 42.988964
489 37738 26.609991
489 35094 57.305590
489 7982 47.671833
490 35093 14.732810
490 28214 2.793079
491 37738 12.455005
491 35099 10.523022
492 7888 49.298186
492 494 63.860097
493 27599 145.780148
493 30940 77.049362
493 27567 8.815708
494 492 63.860097
494 37733 9.408522
494 37734 14.500019
495 34861 8.834785
495 35167 3.291450
496 35121 11.522696
496 33834 3.244719
497 34897 23.860932
497 34866 9.182745
498 35106 7.292413
498 25694 6.113596
499 11873 7.404558
499 21202 5.047063
500 140 2.156040
500 142 1.940244
501 16992 4.797972
501 16996 5.913498
502 17000 5.718695
502 16992 6.885099
503 22776 3.588296
503 22777 2.639677
504 17000 6.905173
504 10055 4.011441
505 27570 7.894519
506 144 3.571715
506 146 2.633181
507 146 2.866422
507 509 2.479670
508 34906 3.430440
508 35138 4.112799
509 507 2.479670
509 510 4.252495
510 509 4.252495
510 511 7.110169
511 512 2.261898
511 510 7.110169
512 39257 3.809099
512 511 2.261898
513 3114 32.206324
513 1587 2.736303
514 22930 57.521431
514 4243 6.940447
514 13951 1.412836
515 27602 80.482980
515 27572 88.550405
515 27573 147.682748
516 485 2.687308
516 37110 1.525356
517 30171 3.619318
517 34910 2.721773
518 34709 15.970870
518 34883 29.412012
518 34669 14.807628
518 35055 16.605766
519 35044 4.889180
519 20556 2.483020
520 7384 11.965539
520 26555 16.745357
521 531 83.479288
521 41277 11.417529
521 755 5.001929
522 524 27.095908
522 757 7.456736
522 758 1.810656
523 22102 6.120217
523 526 6.848641
524 528 27.074539
524 522 27.095908
525 22102 10.744820
525 527 4.717266
526 530 4.718963
526 523 6.848641
527 529 5.389594
527 525 4.717266
528 524 27.074539
528 535 28.996739
529 532 9.117864
529 527 5.389594
530 534 8.358986
530 526 4.718963
531 521 83.479288
531 532 4.258010
532 3736 6.551468
532 529 9.117864
532 531 4.258010
533 3737 4.140597
533 534 1.756418
534 544 54.852485
534 530 8.358986
534 533 1.756418
535 528 28.996739
535 536 5.757516
536 3738 5.220504
536 539 9.468032
536 535 5.757516
537 538 1.652353
537 3739 4.100346
538 537 1.652353
538 540 8.799358
538 549 128.586178
539 536 9.468032
539 542 5.640759
540 538 8.799358
540 541 4.318083
541 540 4.318083
541 543 2.909536
542 546 9.039342
542 539 5.640759
543 545 6.899841
543 541 2.909536
544 547 38.330102
544 534 54.852485
545 3739 7.903049
545 24717 110.745653
545 543 6.899841
546 3738 8.639070
546 24706 110.154477
546 542 9.039342
547 544 38.330102
547 551 75.091335
548 554 18.472702
548 26747 1.418828
549 552 46.930859
549 538 128.586178
550 553 7.037000
550 6459 21.198069
551 555 48.823678
551 547 75.091335
552 549 46.930859
552 557 48.357585
553 556 7.790091
553 550 7.037000
554 37218 7.182765
554 548 18.472702
555 561 45.417995
555 551 48.823678
556 553 7.790091
556 559 5.606935
557 552 48.357585
557 563 28.773113
558 562 5.822406
558 37218 0.539295
559 560 5.801178
559 556 5.606935
560 564 8.957376
560 559 5.801178
561 555 45.417995
561 566 22.905842
562 565 5.877166
562 558 5.822406
563 572 21.092991
563 557 28.773113
564 560 8.957376
564 13654 5.091626
564 567 7.454150
565 562 5.877166
565 573 8.990701
566 568 8.992447
566 561 22.905842
567 571 11.423799
567 564 7.454150
568 569 84.903282
568 566 8.992447
569 568 84.903282
569 570 1.394062
569 578 1.514495
570 569 1.394062
570 579 1.548321
570 571 5.243422
571 570 5.243422
571 567 11.423799
572 576 17.347757
572 563 21.092991
573 565 8.990701
573 574 7.527495
574 580 13.237201
574 573 7.527495
575 577 72.232039
575 578 5.208306
575 581 4.469798
576 577 10.960991
576 572 17.347757
577 576 10.960991
577 575 72.232039
578 569 1.514495
578 587 3.985168
578 579 1.397019
578 575 5.208306
579 570 1.548321
579 580 3.580405
579 578 1.397019
579 582 1.178596
580 579 3.580405
580 574 13.237201
580 583 3.473802
581 584 3.286177
581 575 4.469798
582 586 2.731817
582 579 1.178596
583 585 2.869392
583 580 3.473802
584 587 3.381018
584 581 3.286177
585 586 2.468735
585 583 2.869392
586 585 2.468735
586 589 11.604314
586 582 2.731817
587 584 3.381018
587 578 3.985168
587 588 11.374007
588 587 11.374007
588 590 13.394009
589 586 11.604314
589 591 13.210739
590 592 3.783074
590 588 13.394009
591 593 3.965335
591 589 13.210739
592 594 3.181407
592 590 3.783074
593 595 7.854617
593 591 3.965335
594 592 3.181407
594 596 8.898030
595 593 7.854617
595 22988 1.010457
596 594 8.898030
596 599 5.365920
597 22988 4.049070
597 598 3.920454
598 600 3.897027
598 597 3.920454
599 601 3.761731
599 596 5.365920
600 5242 2.379867
600 598 3.897027
601 603 6.988899
601 599 3.761731
602 5242 3.793632
602 606 10.098227
603 601 6.988899
603 604 4.110862
604 603 4.110862
604 605 4.230929
605 604 4.230929
605 607 4.081950
606 602 10.098227
606 5252 6.805148
607 609 6.167557
607 605 4.081950
608 610 18.614096
608 5252 2.045639
609 611 29.029243
609 607 6.167557
610 608 18.614096
610 612 26.850352
611 609 29.029243
611 613 27.193625
612 32264 19.855919
612 610 26.850352
613 17385 8.287764
613 611 27.193625
614 22323 11.021714
614 22324 10.793652
615 22289 21.000338
615 22325 7.205342
616 15080 2.924094
616 15078 3.200153
617 618 2.454349
617 15078 2.622446
618 617 2.454349
618 27207 3.263138
619 3714 2.704004
619 15070 3.118351
620 621 8.332431
620 22574 10.748421
621 620 8.332431
621 622 13.582193
622 621 13.582193
622 27685 14.695496
623 17603 7.127930
623 28891 13.508349
624 625 19.511057
624 626 6.275404
625 624 19.511057
626 624 6.275404
626 631 20.959668
627 476 25.712948
627 3382 6.149852
628 36392 2.281036
628 36396 2.709286
628 629 54.436417
629 628 54.436417
629 630 84.549662
630 629 84.549662
631 633 21.820275
631 626 20.959668
632 35139 7.390073
632 35148 4.457911
633 639 27.373727
633 631 21.820275
634 635 43.865300
635 640 10.406419
635 636 27.459282
635 634 43.865300
635 204 33.104722
636 635 27.459282
636 637 27.388541
637 636 27.388541
637 638 34.878020
638 36392 5.629300
638 637 34.878020
639 633 27.373727
639 35147 7.328976
640 641 28.771037
640 635 10.406419
641 640 28.771037
641 642 32.742253
642 641 32.742253
642 36379 2.171911
642 36367 23.808861
643 80 16.096395
643 644 15.606086
644 643 15.606086
644 645 16.949104
645 644 16.949104
645 646 15.862592
646 645 15.862592
646 647 5.380175
647 648 7.410359
647 646 5.380175
648 647 7.410359
649 11530 40.264183
649 11803 33.013752
649 17182 55.887631
649 11806 15.083493
650 20824 5.651969
650 17177 2.266673
650 651 1.751207
650 17174 2.150267
651 650 1.751207
651 653 2.141041
652 17177 1.740164
652 17179 3.462752
652 20843 4.765898
652 654 2.966372
653 651 2.141041
653 655 1.292022
654 656 1.957172
654 652 2.966372
655 657 1.905875
655 653 1.292022
656 658 1.660028
656 654 1.957172
657 659 1.670618
657 655 1.905875
658 656 1.660028
658 660 1.801569
659 657 1.670618
659 660 0.954954
659 663 18.916946
660 658 1.801569
660 659 0.954954
661 1515 4.653561
661 662 14.342389
662 661 14.342389
662 663 12.047292
663 665 13.625550
663 659 18.916946
663 662 12.047292
664 666 10.646608
664 1515 8.770197
665 1518 14.563583
665 663 13.625550
666 664 10.646608
666 667 10.130402
667 666 10.130402
667 669 1.555316
668 4364 11.590193
668 4356 2.497452
669 14256 27.354579
669 4450 59.196514
669 667 1.555316
669 671 11.980834
670 675 25.015422
670 17188 1.100298
670 17191 8.075272
671 674 15.611477
671 669 11.980834
672 673 10.669653
672 1518 13.903513
673 672 10.669653
673 675 4.996091
674 676 13.247080
674 671 15.611477
675 696 83.970169
675 673 4.996091
675 670 25.015422
676 674 13.247080
676 677 11.637596
676 1533 7.352695
677 676 11.637596
677 687 13.036021
678 17193 3.133462
678 17194 3.536030
678 679 2.547678
679 680 1.403143
679 678 2.547678
680 681 1.767610
680 679 1.403143
681 680 1.767610
681 682 1.513733
682 681 1.513733
682 683 1.267973
683 682 1.267973
683 684 0.668094
684 683 0.668094
684 685 0.561714
684 694 19.505058
685 684 0.561714
685 686 1.250915
686 688 1.213969
686 685 1.250915
687 677 13.036021
687 694 3.773195
688 689 1.187262
688 686 1.213969
689 688 1.187262
689 692 1.209206
690 17194 0.745952
690 691 2.105095
690 17196 2.744754
691 690 2.105095
691 692 1.615982
692 689 1.209206
692 691 1.615982
693 14505 3.924807
693 30643 30.869277
693 700 24.315682
694 4459 8.215178
694 684 19.505058
694 687 3.773195
695 14505 13.134311
695 697 9.624763
696 4450 14.139200
696 675 83.970169
696 4474 76.253037
697 702 27.548351
697 695 9.624763
698 1546 5.207952
698 4469 8.880035
699 35155 5.176642
699 711 6.234804
700 704 26.935076
700 693 24.315682
701 4469 10.590410
701 4479 3.595298
702 697 27.548351
702 706 23.304118
702 39513 5.322144
703 17200 1.693509
703 17201 6.645082
703 4479 26.570770
704 708 21.515321
704 700 26.935076
705 35960 25.757340
705 34437 44.719084
706 710 31.483337
706 702 23.304118
707 736 16.808836
707 709 76.653463
707 4493 14.007807
708 704 21.515321
708 39364 29.975583
709 707 76.653463
709 21715 21.956163
710 706 31.483337
710 715 54.312121
711 6386 19.347258
711 699 6.234804
712 713 11.692106
712 39364 15.431086
712 30644 14.320859
713 712 11.692106
713 714 5.703924
714 713 5.703924
714 35385 13.959995
715 39552 9.176877
715 710 54.312121
716 39364 34.883890
716 718 30.753244
717 35160 5.196518
717 35158 13.815205
718 720 12.773480
718 716 30.753244
719 35385 36.822206
720 721 12.811980
720 718 12.773480
721 720 12.811980
721 722 25.786003
721 39203 113.054003
722 721 25.786003
722 30645 3.783294
723 13448 7.860938
723 6401 75.243420
723 35157 53.877978
724 35098 16.580241
724 34933 2.955304
725 13507 44.796170
725 13508 52.119800
725 22103 38.372511
726 34736 6.496404
726 34911 4.139872
727 31921 10.391337
727 444 15.188451
728 4649 26.844364
728 13479 33.056298
729 27821 36.367502
729 27694 56.865037
730 4649 15.112837
730 731 12.251832
731 730 12.251832
731 732 14.037178
732 731 14.037178
732 22206 13.966525
733 344 51.379645
733 34912 27.885575
734 22206 22.076626
734 735 17.734087
735 736 9.218169
735 734 17.734087
736 707 16.808836
736 21700 9.388563
736 735 9.218169
737 738 43.127096
737 4371 13.443203
738 737 43.127096
738 4655 15.822181
739 8633 118.539416
739 741 29.802829
740 4680 19.932819
740 4678 7.047384
740 4655 6.229859
741 739 29.802829
741 742 25.831798
742 8864 6.543211
742 741 25.831798
743 28261 21.893540
743 28263 10.232850
744 34944 2.905046
744 34915 2.981708
745 746 15.090775
746 745 15.090775
746 747 15.452536
747 746 15.452536
747 748 5.933123
748 747 5.933123
748 749 8.295538
749 748 8.295538
749 750 11.510608
750 749 11.510608
750 751 6.302936
751 4672 16.831237
751 750 6.302936
752 27699 6.441044
752 26372 10.013037
753 4672 2.753131
753 754 6.921488
754 753 6.921488
754 4673 5.656878
755 521 5.001929
755 756 1.279538
755 41273 4.190864
756 755 1.279538
756 757 1.497209
757 522 7.456736
757 41271 4.379084
757 756 1.497209
757 759 1.380352
757 41273 6.904858
757 41275 6.546567
758 760 1.682280
758 522 1.810656
759 41266 4.587173
759 757 1.380352
760 761 1.488568
760 758 1.682280
761 760 1.488568
761 762 1.626743
762 761 1.626743
762 763 1.583868
763 41275 9.197458
763 762 1.583868
763 2139 21.287605
764 769 21.742312
764 26372 3.417815
765 4685 17.252665
765 766 9.467497
766 874 3.943117
766 765 9.467497
766 767 27.462081
767 4694 17.359416
767 766 27.462081
768 4697 58.288149
768 4694 8.369788
769 27700 8.777998
769 764 21.742312
770 864 36.070149
770 4697 34.610718
770 771 30.407550
771 770 30.407550
771 23643 25.793030
772 23643 22.096518
772 4700 16.926909
773 34945 17.844960
773 218 29.508371
773 35188 15.092419
774 4700 19.311571
774 775 15.682012
775 23632 10.439888
775 795 22.803473
775 774 15.682012
776 15089 2.684220
776 15087 2.556235
777 778 13.088382
777 15084 2.745140
777 15087 1.642560
778 777 13.088382
778 779 26.669230
779 778 26.669230
779 781 25.110238
780 786 2.259096
780 35179 3.753449
781 779 25.110238
781 27701 23.630737
782 35179 3.876355
782 9157 2.318359
783 26497 38.564925
783 785 1.469230
784 34958 7.010774
784 34919 7.791129
785 13857 21.178495
785 13858 55.839430
785 783 1.469230
786 35185 2.510913
786 780 2.259096
787 34921 4.721052
787 206 10.528058
788 34846 13.030953
789 15096 4.756506
789 15102 2.461514
790 12123 16.269098
790 9142 8.459817
790 791 16.293326
791 35185 2.759651
791 12124 4.242066
791 790 16.293326
792 34739 3.460878
792 35140 40.076022
793 33600 35.380340
793 35176 44.923289
793 35189 29.229274
794 34924 4.558553
794 34797 3.666131
795 796 22.659465
795 775 22.803473
796 795 22.659465
796 797 34.665347
797 796 34.665347
797 798 9.905687
798 797 9.905687
798 799 10.702501
799 800 16.032363
799 798 10.702501
800 801 17.261438
800 799 16.032363
801 800 17.261438
801 802 39.883846
802 801 39.883846
802 803 16.293332
803 802 16.293332
803 804 12.580940
804 803 12.580940
804 805 17.670766
805 804 17.670766
805 806 28.171734
806 805 28.171734
806 807 14.680440
807 808 17.127464
807 806 14.680440
808 809 7.197552
808 807 17.127464
809 808 7.197552
809 810 10.105052
809 854 20.056229
810 809 10.105052
810 811 20.372970
811 810 20.372970
811 812 13.682873
812 811 13.682873
812 813 29.177679
813 812 29.177679
813 814 21.589282
814 813 21.589282
814 815 17.459918
815 816 27.255665
815 814 17.459918
816 817 32.932280
816 815 27.255665
817 816 32.932280
817 818 25.830766
818 817 25.830766
818 820 2.062415
819 825 3.531386
819 820 33.754107
820 818 2.062415
820 819 33.754107
821 5520 66.058569
821 822 13.243448
822 821 13.243448
822 823 15.733750
823 824 17.144931
823 822 15.733750
824 825 12.479343
824 823 17.144931
825 824 12.479343
825 819 3.531386
826 832 26.401995
826 23983 18.911437
827 32393 2.601220
827 34391 5.259321
828 20827 3.139056
828 20862 2.816779
829 488 6.055408
829 27577 4.349028
830 13817 52.678242
830 26748 26.198458
831 834 28.001938
831 32394 4.737583
832 826 26.401995
832 23999 4.504902
833 26748 47.432756
833 27692 94.973344
834 27722 4.656444
834 831 28.001938
835 27721 9.432771
835 836 30.404912
836 835 30.404912
836 26781 14.204155
837 27722 5.929026
837 27726 22.295221
838 26781 21.292473
838 839 9.615264
839 840 65.227662
839 838 9.615264
840 27752 36.613323
840 26789 2.472591
840 839 65.227662
841 27730 10.571995
841 27726 27.114990
842 843 7.638416
842 26789 4.797512
843 842 7.638416
843 845 7.846891
844 21567 58.930289
845 843 7.846891
845 27732 19.278190
846 27595 50.107028
846 27598 176.628829
847 848 23.418560
847 27732 16.415757
848 26841 6.687771
848 847 23.418560
849 851 34.186615
849 27733 6.502642
850 26841 13.581347
850 26835 4.683007
851 849 34.186615
851 852 40.098643
852 851 40.098643
852 32395 19.510309
853 24001 48.283051
853 24012 9.014784
854 809 20.056229
854 860 48.278223
854 855 26.834185
855 856 26.804905
855 854 26.834185
856 857 43.532974
856 855 26.804905
857 856 43.532974
857 858 13.616864
858 857 13.616864
858 859 32.511849
859 858 32.511849
859 23715 27.339372
860 23715 14.964550
860 854 48.278223
861 14733 4.442205
861 35301 9.012733
862 7153 11.175028
862 5202 11.369203
863 864 17.462149
863 23649 11.254805
864 770 36.070149
864 863 17.462149
865 27744 15.211143
865 32396 5.959931
866 32396 5.799840
866 27749 26.589956
867 868 7.876699
867 4367 5.693894
868 867 7.876699
868 869 9.318854
869 868 9.318854
869 870 8.767549
870 869 8.767549
870 871 4.816062
871 5200 30.023611
871 870 4.816062
872 875 78.526283
872 27748 24.264330
873 5200 5.517535
873 874 12.054967
874 873 12.054967
874 766 3.943117
875 872 78.526283
875 27751 7.299604
876 21457 35.000370
876 877 26.812345
877 876 26.812345
877 878 35.865635
878 877 35.865635
879 7904 0.880883
879 7306 21.140724
879 7902 1.495242
880 4352 1.358596
880 4347 14.439444
881 4364 1.882889
881 4367 15.729314
882 10553 23.819604
882 27755 30.888483
883 884 9.973083
883 26909 47.820946
884 883 9.973083
884 885 5.376934
885 884 5.376934
885 886 6.818180
886 5276 12.938650
886 885 6.818180
887 410 28.971544
887 26031 21.486473
888 889 16.929559
888 5276 8.570109
889 888 16.929559
889 890 5.675191
890 889 5.675191
890 891 7.494776
891 890 7.494776
891 892 11.071152
892 891 11.071152
892 893 29.639952
893 892 29.639952
894 896 41.397432
894 17900 31.430520
895 27602 10.730905
896 10552 16.630561
896 894 41.397432
897 26841 68.382005
897 27347 122.983361
897 27589 57.613330
898 25058 9.650129
898 899 11.521917
899 898 11.521917
899 900 45.211612
900 899 45.211612
900 901 23.039034
901 900 23.039034
901 902 11.497756
902 27031 6.614230
902 901 11.497756
902 903 25.080698
903 904 23.879228
903 902 25.080698
904 5442 85.433604
904 903 23.879228
905 906 4.548365
905 5442 15.702444
906 905 4.548365
906 907 12.541349
907 906 12.541349
907 908 16.571857
908 907 16.571857
908 909 6.121266
909 23729 6.421776
909 908 6.121266
909 910 18.836555
910 909 18.836555
910 911 11.254470
911 912 14.436025
911 910 11.254470
912 913 22.494691
912 911 14.436025
913 912 22.494691
913 914 11.420649
913 23812 32.968700
914 913 11.420649
914 915 11.968289
915 914 11.968289
915 916 11.520336
916 915 11.520336
916 917 12.917967
917 916 12.917967
917 918 24.617665
918 917 24.617665
918 919 10.565756
919 920 5.754475
919 918 10.565756
920 921 23.573164
920 924 27.626343
920 919 5.754475
921 920 23.573164
921 937 18.453784
922 923 30.807998
923 922 30.807998
923 924 25.997380
924 920 27.626343
924 923 25.997380
925 928 9.673642
925 27769 27.348958
926 1772 10.554736
926 22599 21.733666
927 34563 21.606425
927 41206 11.561822
928 925 9.673642
928 12758 20.708561
929 19928 56.966042
929 20127 42.513015
930 27776 27.917513
930 12758 14.591254
931 932 20.771474
931 22030 12.644670
932 931 20.771474
932 933 9.251466
933 932 9.251466
933 934 22.405385
934 933 22.405385
934 935 12.310056
935 936 7.854205
935 934 12.310056
936 937 27.861628
936 935 7.854205
937 936 27.861628
937 921 18.453784
938 27776 17.135233
938 23178 12.734190
939 31921 7.585241
939 26029 13.201587
940 23178 4.028039
940 941 33.490382
941 940 33.490382
941 942 7.484943
942 4651 14.222128
942 941 7.484943
943 32241 9.642519
943 32239 11.074276
944 945 2.757064
944 41237 2.539150
945 944 2.757064
945 946 2.668459
946 945 2.668459
946 947 5.433980
947 946 5.433980
947 948 7.754788
948 947 7.754788
948 949 4.121379
949 948 4.121379
949 950 4.489076
950 949 4.489076
950 1549 1.757338
951 952 4.221239
951 1549 1.105700
952 953 4.094959
952 951 4.221239
953 952 4.094959
953 954 4.330768
954 953 4.330768
954 955 4.189301
955 954 4.189301
955 956 9.134343
956 955 9.134343
956 957 7.232015
957 956 7.232015
957 958 3.735432
958 957 3.735432
958 959 3.158858
959 960 2.312299
959 958 3.158858
960 971 2.963700
960 959 2.312299
961 962 2.325416
961 965 1.932859
962 961 2.325416
962 963 5.236323
963 962 5.236323
963 966 2.511472
964 14729 1.789880
964 14727 3.753251
964 967 3.427840
965 961 1.932859
965 970 1.608169
966 968 2.491155
966 963 2.511472
967 969 2.638343
967 964 3.427840
968 969 3.270208
968 966 2.491155
969 968 3.270208
969 967 2.638343
970 972 1.619435
970 965 1.608169
971 960 2.963700
971 973 1.735542
972 970 1.619435
972 974 2.632649
973 971 1.735542
973 975 3.013028
974 976 4.175853
974 972 2.632649
975 977 2.821941
975 973 3.013028
976 974 4.175853
976 991 9.330225
977 978 2.652721
977 975 2.821941
978 977 2.652721
978 993 3.120298
979 980 0.532455
979 982 2.016468
980 985 2.430323
980 979 0.532455
981 984 2.206672
981 983 2.576372
982 986 2.544600
982 979 2.016468
983 987 2.910970
983 981 2.576372
984 988 2.099498
984 981 2.206672
985 980 2.430323
985 990 3.170321
986 989 2.805366
986 982 2.544600
987 992 2.173731
987 983 2.910970
988 984 2.099498
988 994 2.426140
989 992 2.481544
989 986 2.805366
990 985 3.170321
990 999 4.387491
991 976 9.330225
991 995 1.597420
992 987 2.173731
992 989 2.481544
993 978 3.120298
993 997 2.771284
994 996 2.165537
994 988 2.426140
995 998 1.970374
995 991 1.597420
996 1000 7.452211
996 994 2.165537
997 993 2.771284
997 1001 2.352548
998 1000 1.935798
998 995 1.970374
999 1002 1.805676
999 990 4.387491
1000 996 7.452211
1000 998 1.935798
1001 1002 2.064862
1001 997 2.352548
1002 1001 2.064862
1002 999 1.805676
1003 1004 7.658583
1003 5550 5.410491
1004 1003 7.658583
1004 1108 4.376123
1004 1005 12.285200
1005 5552 43.895187
1005 1004 12.285200
1006 26034 18.929626
1006 37467 13.769973
1006 25732 44.541430
1007 1008 11.608434
1007 5552 11.272864
1008 1009 15.415242
1008 1007 11.608434
1009 1008 15.415242
1009 1109 1.692456
1010 27801 17.030751
1010 17865 13.860348
1011 40888 31.857977
1011 36320 1.805964
1012 27804 51.390024
1012 27807 40.136207
1013 31993 5.144224
1013 31988 2.442050
1014 20328 66.340107
1014 27809 7.937937
1015 1016 7.515202
1015 27808 13.261879
1016 27812 17.284308
1016 1015 7.515202
1017 1018 28.774758
1017 17866 38.251791
1018 27816 3.921760
1018 1017 28.774758
1018 33165 3.716083
1019 6304 6.978106
1019 27816 5.803952
1019 33165 3.796603
1020 19936 67.038807
1020 1021 51.405148
1021 19939 23.750603
1021 1020 51.405148
1022 1032 40.929772
1022 1023 11.318698
1023 1024 59.816010
1023 1022 11.318698
1024 1025 29.311119
1024 1023 59.816010
1025 1024 29.311119
1025 1026 31.399377
1026 1025 31.399377
1026 1027 26.252574
1027 1026 26.252574
1027 1028 22.557481
1028 1027 22.557481
1028 1029 7.955956
1029 1028 7.955956
1029 1030 12.542574
1030 1029 12.542574
1030 1031 12.499003
1031 1030 12.499003
1032 1033 28.746900
1032 1022 40.929772
1033 1032 28.746900
1033 15474 0.888825
1033 15475 4.935636
1034 15488 1.098772
1034 1035 22.986276
1034 15487 2.327452
1035 1034 22.986276
1035 1036 25.245104
1036 1035 25.245104
1036 1037 64.560802
1037 1036 64.560802
1037 1047 20.752894
1038 1039 24.831339
1038 1047 6.343518
1039 1040 19.495987
1039 1038 24.831339
1040 1043 17.269053
